4294967278,5
4294967278,4
4294967294,898
4294967294,97
4294967278,8
4294967278,7
4294967278,6
4294967278,226
4294967278,15
4294967278,14
4294967278,13
4294967278,12
4294967278,11
4294967278,10
4294967278,9
4294967278,225
4294967278,223
4294967278,221
22,4
4294967278,554
4294967294,468
4294967279,354
4294967278,553
4294967279,353
4294967278,552
4294967278,207
22,5
4294967278,205
4294967278,206
22,3
22,2
22,1
4294967279,352
21,4
4294967278,21
4294967278,20
4294967278,19
4294967278,18
4294967278,17
4294967278,16
4294967278,551
4294967294,115
4294967294,114
4294967279,351
4294967278,550
4294967279,350
4294967278,549
21,5
4294967278,196
4294967278,197
21,3
21,2
21,1
4294967279,349
4294967278,548
4294967279,348
4294967278,547
4294967279,347
4294967279,346
4294967279,345
4294967278,187
4294967278,185
20,4
4294967278,184
20,3
20,2
20,1
4294967278,546
4294967279,344
4294967278,545
4294967278,23
4294967278,22
4294967279,343
4294967278,544
4294967279,342
4294967278,27
4294967278,26
4294967278,25
4294967278,24
4294967279,341
4294967278,543
4294967278,542
4294967279,340
4294967279,339
4294967278,541
4294967279,338
4294967278,33
4294967278,32
4294967278,31
4294967278,30
4294967278,29
4294967278,28
4294967279,337
4294967278,169
4294967279,336
4294967278,540
4294967279,335
4294967279,334
4294967278,539
4294967278,538
4294967279,333
4294967279,332
4294967278,162
4294967279,331
4294967278,161
4294967279,330
4294967278,160
4294967278,159
4294967279,329
4294967279,328
4294967278,156
4294967278,34
4294967278,537
4294967278,174
4294967279,327
4294967278,536
4294967278,535
4294967279,326
4294967278,534
4294967278,35
4294967278,533
4294967279,325
4294967278,532
4294967278,36
4294967278,37
4294967279,324
4294967278,531
4294967279,323
4294967279,322
4294967279,321
4294967279,320
4294967278,530
4294967279,319
4294967279,23
4294967279,22
4294967279,21
4294967279,19
4294967279,18
4294967279,16
4294967279,15
4294967279,14
4294967279,134
4294967279,270
4294967294,41
4294967279,318
4294967279,317
4294967278,529
4294967294,950
4294967294,396
4294967294,413
4294967294,385
4294967294,949
4294967294,179
4294967294,444
4294967294,384
4294967294,414
4294967294,398
4294967294,109
4294967294,466
4294967294,386
4294967294,169
4294967278,528
4294967279,269
4294967294,42
19,4
19,3
19,2
19,1
4294967278,527
4294967279,316
4294967279,315
4294967294,424
4294967279,277
4294967294,75
4294967279,314
4294967294,45
4294967294,439
4294967279,261
4294967278,526
4294967279,258
4294967294,120
4294967294,52
4294967294,388
4294967294,53
4294967294,90
4294967294,86
4294967294,85
4294967279,257
4294967279,313
4294967279,256
4294967279,255
4294967278,525
4294967278,257
4294967279,254
18,4
4294967278,258
18,2
18,1
4294967278,524
4294967279,312
4294967294,88
4294967279,311
4294967279,310
4294967294,92
4294967278,256
4294967294,99
4294967278,523
4294967278,522
4294967278,521
4294967279,309
4294967278,520
4294967279,308
4294967294,107
4294967294,921
4294967278,519
4294967278,254
4294967278,518
3,4
4294967279,307
4294967278,517
4294967278,260
4294967278,252
4294967294,5
4294967294,951
4294967279,306
4294967279,305
4294967278,251
4294967278,249
4294967279,304
4294967294,18
4294967294,127
4294967294,14
4294967294,126
4294967294,20
4294967294,13
2,4
4294967278,244
4294967294,970
4294967278,243
4294967294,417
4294967278,241
4294967278,132
4294967278,131
4294967278,130
4294967278,129
4294967278,128
4294967278,127
4294967278,126
4294967278,125
4294967278,124
4294967278,123
4294967278,122
4294967278,121
4294967278,120
4294967278,119
4294967278,118
4294967278,117
4294967278,116
4294967278,112
4294967278,110
4294967278,107
4294967278,106
4294967278,105
4294967278,102
4294967278,100
4294967278,99
4294967278,98
4294967278,97
4294967278,92
4294967278,90
4294967278,87
4294967278,86
4294967278,85
4294967278,84
4294967278,81
4294967278,79
4294967278,78
4294967278,77
4294967278,76
4294967278,72
4294967278,70
4294967278,69
4294967278,68
4294967278,64
4294967278,62
4294967278,61
4294967278,60
4294967278,56
4294967278,54
4294967278,53
4294967278,52
4294967278,48
4294967278,46
4294967278,45
4294967278,44
4294967278,42
4294967278,41
4294967278,40
4294967278,39
4294967278,38
4294967279,24
4294967279,20
4294967279,17
4294967279,13
4294967279,12
4294967279,11
4294967279,10
4294967279,9
4294967279,8
4294967279,7
4294967279,6
4294967279,5
4294967279,4
4294967294,30
4294967294,942
4294967294,941
4294967294,939
4294967294,938
4294967294,933
4294967294,922
4294967294,436
4294967294,830
4294967294,829
4294967294,828
4294967294,827
4294967294,60
4294967294,12
4294967294,68
4294967294,11
4294967278,115
4294967278,239
4294967279,303
4294967278,516
4294967278,114
4294967278,515
4294967278,113
4294967278,234
4294967278,111
4294967278,232
4294967278,233
4294967278,230
4294967278,109
4294967278,229
4294967278,108
4294967278,227
4294967278,224
17,4
17,2
17,1
4294967278,222
4294967278,104
4294967278,219
4294967278,103
4294967278,217
